%YAML:1.0
feature_id: 0
trained: 1
parameters:
   k: 5
   regression: 0
mapping:
   - "86b39867-2bc3-476b-a4e1-066b5a0db02c"
   - b6d524c9-0015-4357-acfe-c3cafa0ee28d
knnpart0: !!opencv-matrix
   rows: 19
   cols: 100
   dt: f
   data: [ 2.39130426e-02, 8.69565178e-03, 2.17391294e-03,
       6.52173907e-03, 2.60869563e-02, 8.69565178e-03, 2.17391290e-02,
       1.30434781e-02, 6.52173907e-03, 1.08695645e-02, 1.08695645e-02,
       1.30434781e-02, 1.08695645e-02, 1.73913036e-02, 4.34782589e-03,
       1.73913036e-02, 2.39130426e-02, 8.69565178e-03, 2.17391294e-03,
       8.69565178e-03, 8.69565178e-03, 2.39130426e-02, 2.17391294e-03,
       1.08695645e-02, 4.34782589e-03, 2.17391294e-03, 2.60869563e-02,
       1.08695645e-02, 8.69565178e-03, 6.52173907e-03, 4.34782589e-03,
       0., 1.52173908e-02, 1.08695645e-02, 1.30434781e-02,
       1.73913036e-02, 1.08695645e-02, 6.52173907e-03, 1.08695645e-02,
       2.17391294e-03, 1.95652172e-02, 1.52173908e-02, 0.,
       1.30434781e-02, 2.17391294e-03, 4.34782589e-03, 6.52173907e-03,
       1.30434781e-02, 6.52173907e-03, 8.69565178e-03, 2.39130426e-02,
       0., 1.52173908e-02, 4.34782589e-03, 2.17391294e-03,
       8.69565178e-03, 2.17391294e-03, 1.52173908e-02, 4.34782589e-03,
       2.17391294e-03, 6.52173907e-03, 2.17391290e-02, 0.,
       8.69565178e-03, 1.30434781e-02, 1.30434781e-02, 1.08695645e-02,
       8.69565178e-03, 6.52173907e-03, 1.73913036e-02, 4.34782589e-03,
       1.30434781e-02, 1.30434781e-02, 4.34782589e-03, 4.34782589e-03,
       1.73913036e-02, 6.52173907e-03, 6.52173907e-03, 1.52173908e-02,
       8.69565178e-03, 6.52173907e-03, 1.73913036e-02, 1.08695645e-02,
       4.34782589e-03, 2.17391294e-03, 1.08695645e-02, 1.73913036e-02,
       6.52173907e-03, 4.34782589e-03, 8.69565178e-03, 1.73913036e-02,
       8.69565178e-03, 1.08695645e-02, 4.34782589e-03, 1.08695645e-02,
       2.17391290e-02, 2.17391294e-03, 1.08695645e-02, 2.17391294e-03,
       1.30434781e-02, 1.30434781e-02, 1.30434781e-02, 6.52173907e-03,
       2.60869563e-02, 2.17391290e-02, 1.30434781e-02, 2.17391290e-02,
       8.69565178e-03, 1.30434781e-02, 8.69565178e-03, 1.52173908e-02,
       1.30434781e-02, 8.69565178e-03, 1.08695645e-02, 4.34782589e-03,
       1.08695645e-02, 1.95652172e-02, 4.34782589e-03, 4.34782589e-03,
       1.08695645e-02, 1.30434781e-02, 3.04347817e-02, 6.52173907e-03,
       1.08695645e-02, 6.52173907e-03, 4.34782589e-03, 3.04347817e-02,
       6.52173907e-03, 1.08695645e-02, 1.30434781e-02, 6.52173907e-03,
       2.17391294e-03, 1.30434781e-02, 1.30434781e-02, 1.08695645e-02,
       1.73913036e-02, 1.52173908e-02, 2.17391294e-03, 4.34782589e-03,
       0., 1.73913036e-02, 1.52173908e-02, 0., 1.30434781e-02,
       4.34782589e-03, 1.30434781e-02, 6.52173907e-03, 6.52173907e-03,
       8.69565178e-03, 1.30434781e-02, 2.60869563e-02, 0.,
       8.69565178e-03, 4.34782589e-03, 4.34782589e-03, 6.52173907e-03,
       2.17391294e-03, 1.30434781e-02, 0., 8.69565178e-03,
       6.52173907e-03, 2.17391290e-02, 6.52173907e-03, 2.17391294e-03,
       1.30434781e-02, 6.52173907e-03, 0., 8.69565178e-03,
       8.69565178e-03, 1.08695645e-02, 0., 6.52173907e-03,
       1.95652172e-02, 0., 4.34782589e-03, 8.69565178e-03,
       2.17391294e-03, 1.30434781e-02, 6.52173907e-03, 1.30434781e-02,
       8.69565178e-03, 1.95652172e-02, 4.34782589e-03, 8.69565178e-03,
       4.34782589e-03, 1.08695645e-02, 1.30434781e-02, 1.08695645e-02,
       6.52173907e-03, 2.17391290e-02, 1.08695645e-02, 4.34782589e-03,
       1.08695645e-02, 0., 1.95652172e-02, 1.08695645e-02,
       2.17391294e-03, 1.30434781e-02, 6.52173907e-03, 1.73913036e-02,
       1.08932462e-02, 8.71459674e-03, 2.17864919e-03, 1.96078420e-02,
       1.30718946e-02, 8.71459674e-03, 2.61437893e-02, 1.08932462e-02,
       1.30718946e-02, 6.53594732e-03, 1.08932462e-02, 1.30718946e-02,
       1.52505441e-02, 1.52505441e-02, 2.17864919e-03, 1.74291935e-02,
       1.96078420e-02, 2.17864919e-03, 4.35729837e-03, 1.74291935e-02,
       1.08932462e-02, 2.61437893e-02, 1.08932462e-02, 1.30718946e-02,
       4.35729837e-03, 6.53594732e-03, 2.17864923e-02, 4.35729837e-03,
       1.30718946e-02, 1.52505441e-02, 6.53594732e-03, 4.35729837e-03,
       1.08932462e-02, 4.35729837e-03, 1.08932462e-02, 2.61437893e-02,
       1.08932462e-02, 4.35729837e-03, 4.35729837e-03, 2.17864919e-03,
       1.08932462e-02, 1.74291935e-02, 0., 1.96078420e-02,
       1.52505441e-02, 8.71459674e-03, 8.71459674e-03, 8.71459674e-03,
       8.71459674e-03, 2.17864919e-03, 3.05010881e-02, 2.17864919e-03,
       8.71459674e-03, 4.35729837e-03, 0., 4.35729837e-03, 0.,
       1.52505441e-02, 0., 2.17864919e-03, 8.71459674e-03,
       1.96078420e-02, 2.17864919e-03, 0., 2.17864923e-02,
       1.30718946e-02, 8.71459674e-03, 1.30718946e-02, 8.71459674e-03,
       2.83224396e-02, 8.71459674e-03, 1.08932462e-02, 1.52505441e-02,
       4.35729837e-03, 4.35729837e-03, 1.96078420e-02, 8.71459674e-03,
       6.53594732e-03, 6.53594732e-03, 1.30718946e-02, 8.71459674e-03,
       1.52505441e-02, 8.71459674e-03, 2.17864919e-03, 4.35729837e-03,
       8.71459674e-03, 1.08932462e-02, 2.17864919e-03, 1.08932462e-02,
       1.30718946e-02, 8.71459674e-03, 6.53594732e-03, 1.96078420e-02,
       0., 8.71459674e-03, 2.17864919e-03, 2.17864919e-03,
       1.52505441e-02, 2.17864919e-03, 1.08932462e-02, 8.84955749e-03,
       8.84955749e-03, 2.21238937e-03, 2.21238937e-02, 1.76991150e-02,
       6.63716812e-03, 2.43362822e-02, 1.10619469e-02, 6.63716812e-03,
       2.21238937e-03, 1.54867256e-02, 1.76991150e-02, 1.10619469e-02,
       1.32743362e-02, 4.42477874e-03, 1.32743362e-02, 1.76991150e-02,
       6.63716812e-03, 4.42477874e-03, 1.76991150e-02, 8.84955749e-03,
       1.99115053e-02, 0., 8.84955749e-03, 4.42477874e-03,
       4.42477874e-03, 2.65486725e-02, 4.42477874e-03, 1.99115053e-02,
       3.76106203e-02, 1.10619469e-02, 2.21238937e-03, 8.84955749e-03,
       1.10619469e-02, 1.10619469e-02, 1.76991150e-02, 4.42477874e-03,
       0., 8.84955749e-03, 0., 1.32743362e-02, 1.10619469e-02,
       4.42477874e-03, 1.32743362e-02, 4.42477874e-03, 4.42477874e-03,
       1.76991150e-02, 1.10619469e-02, 4.42477874e-03, 2.21238937e-03,
       2.43362822e-02, 0., 1.32743362e-02, 6.63716812e-03,
       6.63716812e-03, 2.21238937e-03, 2.21238937e-03, 2.65486725e-02,
       4.42477874e-03, 6.63716812e-03, 1.10619469e-02, 2.43362822e-02,
       2.21238937e-03, 8.84955749e-03, 8.84955749e-03, 1.10619469e-02,
       1.32743362e-02, 1.32743362e-02, 6.63716812e-03, 2.65486725e-02,
       2.21238937e-03, 6.63716812e-03, 1.76991150e-02, 2.21238937e-03,
       4.42477874e-03, 1.76991150e-02, 1.32743362e-02, 4.42477874e-03,
       8.84955749e-03, 1.10619469e-02, 2.21238937e-03, 1.54867256e-02,
       1.54867256e-02, 2.21238937e-03, 2.21238937e-03, 6.63716812e-03,
       8.84955749e-03, 6.63716812e-03, 1.54867256e-02, 1.54867256e-02,
       4.42477874e-03, 2.21238937e-03, 6.63716812e-03, 4.42477874e-03,
       6.63716812e-03, 6.63716812e-03, 4.42477874e-03, 1.76991150e-02,
       0., 1.99115053e-02, 1.33333337e-02, 1.11111114e-02,
       1.11111114e-02, 6.66666683e-03, 2.22222228e-02, 1.11111114e-02,
       1.33333337e-02, 2.22222228e-03, 8.88888910e-03, 8.88888910e-03,
       8.88888910e-03, 1.77777782e-02, 8.88888910e-03, 1.11111114e-02,
       2.22222228e-03, 1.99999996e-02, 2.22222228e-02, 1.55555559e-02,
       8.88888910e-03, 1.99999996e-02, 1.11111114e-02, 1.99999996e-02,
       4.44444455e-03, 1.33333337e-02, 4.44444455e-03, 4.44444455e-03,
       2.88888887e-02, 4.44444455e-03, 1.55555559e-02, 1.99999996e-02,
       8.88888910e-03, 4.44444455e-03, 4.44444455e-03, 0.,
       1.33333337e-02, 1.55555559e-02, 8.88888910e-03, 4.44444455e-03,
       4.44444455e-03, 0., 1.77777782e-02, 6.66666683e-03, 0.,
       1.55555559e-02, 0., 6.66666683e-03, 2.22222228e-02,
       1.99999996e-02, 6.66666683e-03, 2.22222228e-03, 1.77777782e-02,
       4.44444455e-03, 1.33333337e-02, 4.44444455e-03, 4.44444455e-03,
