%YAML:1.0
Category32acfc0a-428e-45a2-82c4-b8a4e727db5c:
   id: "32acfc0a-428e-45a2-82c4-b8a4e727db5c"
   label: coffee
Category7f36961d-2419-4fc7-9ef7-cacf9a145d54:
   id: "7f36961d-2419-4fc7-9ef7-cacf9a145d54"
   label: milk
Categoryf439aea5-6ff8-47a9-a958-66873bf9c8da:
   id: f439aea5-6ff8-47a9-a958-66873bf9c8da
   label: coke
