%YAML:1.0
Category86b39867-2bc3-476b-a4e1-066b5a0db02c:
   id: "86b39867-2bc3-476b-a4e1-066b5a0db02c"
   label: milk
Categoryb6d524c9-0015-4357-acfe-c3cafa0ee28d:
   id: b6d524c9-0015-4357-acfe-c3cafa0ee28d
   label: book
