%YAML:1.0
vocabulary_0: !!opencv-matrix
   rows: 100
   cols: 32
   dt: u
   data: [ 46, 172, 88, 172, 190, 205, 154, 182, 144, 52, 103, 43, 147,
       203, 87, 93, 199, 57, 146, 69, 48, 100, 78, 205, 124, 109, 77,
       110, 150, 49, 154, 165, 206, 196, 119, 101, 166, 153, 91, 165,
       131, 136, 158, 39, 113, 156, 66, 65, 166, 178, 125, 104, 108, 85,
       191, 40, 217, 192, 99, 111, 134, 87, 184, 80, 141, 123, 186, 141,
       140, 80, 196, 84, 98, 190, 79, 204, 196, 91, 184, 103, 117, 114,
       209, 97, 197, 170, 194, 182, 146, 219, 130, 179, 130, 194, 127,
       181, 163, 78, 197, 142, 89, 75, 92, 95, 112, 182, 180, 55, 197,
       95, 109, 104, 88, 182, 133, 96, 103, 168, 218, 38, 205, 227, 113,
       58, 171, 232, 99, 68, 149, 119, 106, 212, 67, 17, 89, 148, 82,
       115, 232, 87, 155, 103, 158, 153, 111, 198, 75, 201, 189, 173,
       111, 109, 188, 215, 207, 116, 79, 196, 155, 56, 55, 98, 218, 210,
       188, 132, 180, 170, 124, 140, 135, 104, 122, 184, 215, 152, 149,
       87, 187, 69, 153, 85, 149, 214, 172, 213, 78, 191, 192, 214, 95,
       187, 104, 118, 84, 132, 42, 194, 75, 68, 169, 65, 175, 34, 172,
       171, 66, 101, 163, 128, 174, 42, 35, 96, 204, 54, 200, 222, 50,
       91, 83, 31, 58, 71, 173, 155, 104, 90, 183, 169, 112, 206, 198,
       109, 171, 133, 92, 197, 173, 208, 170, 196, 200, 155, 189, 86, 88,
       213, 130, 185, 71, 137, 151, 173, 198, 98, 113, 167, 135, 137,
       126, 86, 117, 106, 105, 174, 91, 164, 198, 79, 147, 132, 62, 97,
       90, 133, 185, 189, 173, 72, 128, 110, 193, 145, 53, 166, 143, 188,
       104, 111, 71, 180, 81, 134, 95, 98, 160, 80, 95, 157, 161, 172,
       127, 96, 144, 88, 114, 126, 62, 67, 150, 161, 170, 172, 70, 172,
       45, 107, 59, 102, 174, 176, 178, 159, 185, 96, 107, 195, 71, 113,
       145, 195, 122, 112, 168, 185, 126, 189, 194, 166, 194, 145, 180,
       185, 154, 224, 197, 189, 143, 213, 189, 114, 93, 161, 145, 100,
       167, 180, 78, 152, 187, 83, 151, 39, 183, 212, 88, 90, 158, 90,
       166, 44, 60, 96, 177, 48, 193, 194, 79, 115, 188, 75, 166, 79,
       101, 158, 203, 138, 182, 159, 179, 166, 187, 202, 76, 66, 216,
       196, 179, 100, 67, 101, 106, 134, 187, 153, 181, 174, 114, 101,
       180, 155, 159, 201, 155, 157, 98, 168, 155, 81, 198, 181, 118,
       195, 169, 147, 115, 56, 96, 216, 124, 121, 166, 126, 139, 81, 66,
       115, 168, 88, 81, 70, 68, 113, 187, 62, 132, 153, 109, 75, 160,
       71, 113, 142, 153, 76, 107, 163, 93, 205, 192, 114, 173, 146, 75,
       76, 198, 80, 149, 73, 209, 136, 59, 77, 83, 159, 141, 181, 61,
       183, 118, 176, 189, 99, 195, 109, 172, 193, 153, 153, 104, 46,
       127, 118, 78, 65, 123, 96, 84, 57, 143, 209, 117, 97, 103, 54,
       125, 78, 186, 129, 191, 190, 139, 118, 167, 143, 132, 118, 68, 99,
       161, 172, 142, 38, 204, 127, 66, 82, 150, 103, 146, 40, 49, 103,
       215, 39, 197, 190, 122, 85, 160, 92, 136, 54, 86, 195, 166, 65,
       190, 181, 123, 165, 185, 175, 69, 210, 211, 211, 200, 135, 113,
       101, 217, 55, 176, 106, 200, 92, 105, 60, 104, 208, 153, 137, 124,
       151, 158, 66, 216, 63, 158, 107, 105, 96, 158, 181, 173, 149, 94,
       160, 161, 197, 100, 204, 213, 107, 140, 144, 201, 151, 69, 113,
       92, 88, 179, 202, 118, 99, 85, 109, 71, 92, 96, 93, 106, 124, 99,
       100, 125, 121, 205, 89, 129, 189, 100, 111, 114, 97, 139, 161, 91,
       69, 151, 215, 64, 84, 88, 184, 79, 74, 203, 160, 174, 63, 144,
       107, 89, 167, 126, 229, 160, 165, 116, 103, 90, 173, 92, 219, 229,
       181, 207, 134, 199, 150, 128, 104, 152, 109, 114, 189, 179, 102,
       99, 192, 76, 155, 93, 185, 92, 195, 166, 50, 175, 39, 90, 210, 89,
       78, 190, 189, 177, 122, 56, 66, 177, 119, 193, 193, 68, 92, 104,
       26, 103, 122, 113, 190, 169, 115, 134, 124, 87, 199, 124, 171, 93,
       110, 83, 196, 159, 176, 102, 178, 90, 142, 93, 82, 178, 136, 62,
       83, 81, 106, 95, 134, 119, 135, 78, 174, 192, 119, 132, 109, 159,
       170, 101, 181, 147, 146, 203, 159, 92, 52, 90, 191, 143, 178, 61,
       149, 211, 111, 173, 110, 174, 104, 175, 145, 84, 141, 63, 170,
       162, 84, 97, 184, 90, 175, 160, 196, 90, 164, 192, 224, 168, 157,
       87, 113, 208, 49, 164, 169, 195, 104, 85, 85, 80, 157, 67, 136,
       69, 207, 157, 132, 78, 162, 70, 134, 86, 83, 79, 203, 128, 169,
       167, 94, 85, 64, 107, 185, 128, 142, 168, 131, 197, 56, 205, 72,
       173, 194, 61, 114, 88, 108, 138, 145, 196, 147, 166, 70, 171, 146,
       131, 226, 108, 210, 201, 107, 191, 178, 76, 98, 139, 183, 192,
       178, 189, 179, 104, 59, 231, 174, 149, 207, 150, 136, 104, 173,
       90, 95, 63, 185, 93, 130, 183, 190, 135, 165, 199, 192, 192, 152,
       117, 123, 218, 107, 169, 65, 206, 138, 169, 100, 72, 183, 48, 86,
       28, 128, 133, 91, 128, 104, 84, 140, 127, 154, 116, 158, 133, 217,
       71, 140, 162, 182, 89, 187, 178, 193, 178, 182, 66, 208, 94, 94,
       156, 142, 86, 178, 71, 156, 172, 167, 196, 103, 185, 70, 82, 171,
       122, 185, 147, 112, 184, 109, 166, 135, 81, 151, 155, 70, 196,
       171, 199, 76, 186, 209, 89, 101, 183, 219, 189, 95, 123, 158, 213,
       166, 98, 138, 125, 156, 163, 230, 102, 210, 167, 162, 185, 145,
       119, 129, 234, 180, 187, 159, 164, 224, 173, 167, 159, 170, 86,
       189, 43, 131, 171, 144, 142, 80, 196, 184, 108, 177, 122, 129,
       176, 204, 135, 124, 169, 162, 165, 154, 185, 95, 201, 181, 103,
       143, 146, 84, 126, 187, 194, 205, 184, 129, 155, 157, 161, 154,
       162, 91, 107, 181, 155, 210, 159, 79, 134, 178, 114, 163, 194,
       209, 229, 169, 158, 106, 194, 167, 199, 130, 194, 183, 138, 136,
       120, 97, 121, 101, 161, 113, 62, 60, 123, 46, 147, 199, 99, 66,
       210, 136, 129, 131, 154, 86, 112, 77, 132, 181, 195, 48, 190, 204,
       120, 116, 59, 80, 93, 70, 88, 186, 94, 148, 144, 154, 177, 185,
       186, 100, 95, 76, 168, 208, 180, 195, 187, 70, 164, 101, 178, 77,
       122, 215, 65, 106, 134, 189, 73, 107, 135, 176, 95, 61, 179, 180,
       175, 202, 186, 104, 180, 164, 117, 106, 139, 209, 160, 161, 205,
       112, 181, 143, 125, 136, 169, 218, 53, 110, 136, 181, 137, 110,
       82, 217, 122, 196, 157, 95, 77, 180, 154, 152, 206, 101, 126, 50,
       190, 172, 92, 69, 135, 90, 133, 65, 126, 106, 196, 117, 141, 71,
       105, 103, 96, 54, 156, 87, 101, 125, 39, 106, 70, 148, 132, 121,
       179, 141, 125, 51, 129, 187, 74, 60, 130, 135, 104, 116, 88, 77,
       138, 93, 177, 39, 54, 77, 88, 58, 58, 100, 115, 172, 122, 79, 165,
       104, 137, 208, 113, 170, 151, 158, 177, 164, 173, 93, 146, 86,
       166, 150, 166, 79, 213, 63, 152, 75, 186, 216, 136, 89, 117, 209,
       27, 101, 55, 166, 61, 174, 163, 142, 95, 50, 121, 84, 110, 201,
       67, 92, 170, 85, 69, 159, 90, 172, 36, 235, 69, 55, 153, 163, 77,
       43, 84, 169, 113, 143, 192, 103, 164, 125, 86, 166, 160, 169, 161,
       48, 120, 199, 92, 61, 140, 196, 166, 65, 47, 102, 194, 60, 191,
       201, 64, 98, 201, 149, 116, 110, 98, 170, 81, 123, 143, 177, 91,
       152, 78, 79, 169, 106, 85, 59, 63, 84, 90, 175, 109, 144, 95, 135,
       78, 80, 191, 184, 71, 81, 110, 136, 171, 130, 75, 166, 209, 83,
       84, 68, 144, 139, 123, 168, 114, 158, 98, 95, 97, 52, 72, 181,
       128, 110, 130, 234, 68, 105, 79, 111, 101, 66, 143, 178, 98, 128,
       140, 161, 187, 107, 165, 71, 97, 214, 110, 144, 199, 53, 106, 113,
       69, 144, 177, 213, 133, 175, 113, 189, 111, 136, 181, 214, 134,
       71, 207, 138, 187, 96, 78, 87, 102, 83, 89, 168, 119, 93, 168, 79,
       206, 148, 74, 174, 151, 155, 106, 151, 182, 150, 62, 137, 159,
       127, 48, 127, 66, 70, 114, 123, 107, 171, 84, 130, 154, 173, 164,
       116, 215, 170, 104, 107, 153, 189, 119, 141, 166, 91, 115, 167,
       39, 190, 190, 175, 62, 217, 115, 97, 187, 147, 162, 208, 189, 184,
       105, 160, 143, 74, 160, 112, 121, 200, 99, 54, 166, 167, 91, 120,
       148, 162, 132, 159, 147, 182, 86, 126, 173, 97, 65, 194, 152, 102,
       142, 165, 177, 157, 162, 63, 126, 155, 79, 61, 92, 83, 166, 171,
